20070101	000000	26.4465000	26.5770000	26.4465000	26.5331000	0
20070201	000000	26.5484000	26.5543000	26.1599000	26.1599000	0
20070301	000000	26.1481000	26.2432000	25.9709000	26.0113000	0
20070401	000000	25.9947000	26.0094000	25.6851000	25.6851000	0
20070501	000000	25.7564000	25.9152000	25.7288000	25.9031000	0
20070601	000000	25.9043000	26.0465000	25.7781000	25.8162000	0
20070701	000000	25.7288000	25.7305000	25.3853000	25.5999000	0
20070801	000000	25.5448000	25.8429000	25.3444000	25.6494000	0
20070901	000000	25.6262000	25.6997000	24.9493000	24.9493000	0
20071001	000000	24.8784000	25.0597000	24.6983000	24.7238000	0
20071101	000000	24.6724000	24.6847000	24.2649000	24.3506000	0
20071201	000000	24.4171000	24.7529000	24.4171000	24.5462000	0
20080101	000000	24.4387000	24.8917000	24.2858000	24.4764000	0
20080201	000000	24.4262000	24.7813000	24.1159000	24.1159000	0
20080301	000000	24.0023000	24.0480000	23.5126000	23.5156000	0
20080401	000000	23.5027000	23.6706000	23.3448000	23.6471000	0
20080501	000000	23.6588000	23.8833000	23.5483000	23.7384000	0
20080601	000000	23.7473000	23.8116000	23.4573000	23.4573000	0
20080701	000000	23.4060000	23.5589000	23.1255000	23.4456000	0
20080801	000000	23.4186000	24.6019000	23.4039000	24.5769000	0
20080901	000000	24.6670000	25.7842000	24.6670000	25.2464000	0
20081001	000000	25.3718000	27.3507000	25.3718000	26.5430000	0
20081101	000000	27.0981000	27.6704000	26.9114000	27.6060000	0
20081201	000000	27.9409000	29.3804000	27.5199000	29.3804000	0
20090101	000000	29.3916000	35.4146000	29.3916000	35.4146000	0
20090201	000000	36.1767000	36.4267000	34.5578000	35.7205000	0
20090301	000000	36.1644000	36.2284000	33.2726000	34.0134000	0
20090401	000000	33.9032000	34.1043000	33.1743000	33.2491000	0
20090501	000000	32.9740000	32.9740000	30.9843000	30.9843000	0
20090601	000000	30.7441000	31.5765000	30.5131000	31.2904000	0
20090701	000000	31.0385000	33.0597000	30.6431000	31.7555000	0
20090801	000000	31.1533000	32.6926000	31.0484000	31.5687000	0
20090901	000000	31.8397000	31.9730000	30.0004000	30.0922000	0
20091001	000000	30.0087000	30.1240000	28.9403000	29.0488000	0
20091101	000000	29.1944000	29.8179000	28.6701000	29.8179000	0
20091201	000000	29.0687000	30.7562000	29.0560000	30.2442000	0
20100101	000000	30.1851000	30.4312000	29.3774000	30.4312000	0
20100201	000000	30.3996000	30.5158000	29.8779000	29.9484000	0
20100301	000000	29.9300000	29.9779000	29.1927000	29.3638000	0
20100401	000000	29.4956000	29.4956000	28.9310000	29.2886000	0
20100501	000000	29.1537000	31.4293000	29.1537000	30.4956000	0
20100601	000000	30.7400000	31.7798000	30.7267000	31.1954000	0
20100701	000000	31.2554000	31.3703000	30.1869000	30.1869000	0
20100801	000000	30.1861000	30.8958000	29.7958000	30.6640000	0
20100901	000000	30.8669000	31.0826000	30.4030000	30.4030000	0
20101001	000000	30.5126000	30.7968000	29.6334000	30.7821000	0
20101101	000000	30.7738000	31.3539000	30.5107000	31.3061000	0
20101201	000000	31.3335000	31.4555000	30.2720000	30.4769000	0
20110101	000000	30.3505000	30.6252000	29.6684000	29.6684000	0
20110201	000000	29.8018000	29.8018000	28.9405000	28.9405000	0
20110301	000000	28.9028000	28.9028000	28.1561000	28.4290000	0
20110401	000000	28.5162000	28.5162000	27.4977000	27.5022000	0
20110501	000000	27.3348000	28.4794000	27.2625000	28.0685000	0
20110601	000000	27.9805000	28.3478000	27.6847000	28.0758000	0
20110701	000000	27.8726000	28.3842000	27.4439000	27.6796000	0
20110801	000000	27.5204000	29.4452000	27.5204000	28.8569000	0
20110901	000000	28.9278000	32.4619000	28.8911000	31.8751000	0
20111001	000000	32.1100000	32.6799000	29.8977000	29.8977000	0
20111101	000000	30.1245000	31.5788000	30.1033000	31.3216000	0
20111201	000000	31.4001000	32.1961000	30.8099000	32.1961000	0
20120101	000000	31.8729000	31.9344000	30.3600000	30.3647000	0
20120201	000000	30.3131000	30.4067000	28.9503000	28.9503000	0
20120301	000000	29.0253000	29.6666000	28.9468000	29.3282000	0
20120401	000000	29.3479000	29.8033000	29.2770000	29.3627000	0
20120501	000000	29.3708000	32.4509000	29.3708000	32.4509000	0
20120601	000000	32.9173000	34.0395000	32.1315000	32.8169000	0
20120701	000000	32.5287000	32.9907000	31.9509000	32.1881000	0
20120801	000000	32.2058000	32.5361000	31.4807000	32.2934000	0
20120901	000000	32.5669000	32.5669000	30.5867000	30.9169000	0
20121001	000000	31.2538000	31.5252000	30.7195000	31.5252000	0
20121101	000000	31.3743000	31.7267000	30.9410000	31.0565000	0
20121201	000000	30.8110000	30.9940000	30.3727000	30.3727000	0
20130101	000000	30.4215000	30.4215000	30.0277000	30.0277000	0
20130201	000000	30.0161000	30.6202000	29.9251000	30.6202000	0
20130301	000000	30.5124000	31.0834000	30.5124000	31.0834000	0
20130401	000000	31.1093000	31.7203000	30.8814000	31.2559000	0
20130501	000000	31.0433000	31.5893000	31.0433000	31.5893000	0
20130601	000000	31.7979000	32.9097000	31.6790000	32.7090000	0
20130701	000000	32.7090000	33.3210000	32.3106000	32.8901000	0
20130801	000000	33.0330000	33.2474000	32.8606000	33.2474000	0
20130901	000000	33.2522000	33.4656000	31.5892000	32.3451000	0
20131001	000000	32.4839000	32.4839000	31.6618000	31.9445000	0
20131101	000000	32.0758000	33.1916000	32.0758000	33.1916000	0
20131201	000000	33.1482000	33.2632000	32.6282000	32.7292000	0
20140101	000000	32.6587000	35.2448000	32.6587000	35.2448000	0
20140201	000000	35.1800000	36.0501000	34.6044000	36.0501000	0
20140301	000000	36.1847000	36.6505000	35.4494000	35.6871000	0
20140401	000000	35.6053000	36.0813000	35.0240000	35.6983000	0
20140501	000000	35.7227000	35.8381000	34.0771000	34.7352000	0
20140601	000000	34.8887000	35.1398000	33.6306000	33.6306000	0
20140701	000000	33.8434000	35.7271000	33.8353000	35.7271000	0
20140801	000000	35.4438000	36.9316000	35.4438000	36.9316000	0
20140901	000000	37.2945000	39.3866000	36.8038000	39.3866000	0
20141001	000000	39.3836000	43.3943000	39.3836000	43.3943000	0
20141101	000000	41.9627000	49.3220000	41.9627000	49.3220000	0
20141201	000000	51.8068000	67.7851000	50.7678000	56.2584000	0
20150101	000000	56.2376000	68.9291000	56.2376000	68.9291000	0
20150201	000000	69.6640000	69.6640000	60.7109000	61.2718000	0
20150301	000000	62.2248000	62.6797000	56.4271000	58.4643000	0
20150401	000000	57.6500000	58.3536000	49.6749000	51.7029000	0
20150501	000000	51.1388000	52.9716000	49.1777000	52.9716000	0
20150601	000000	52.8213000	56.2463000	52.8213000	55.5240000	0
20150701	000000	55.8413000	60.2231000	55.4756000	58.9906000	0
20150801	000000	60.3458000	70.7465000	60.3458000	66.4779000	0
20150901	000000	66.7152000	68.7932000	65.3495000	66.2367000	0
20151001	000000	65.7364000	65.9414000	61.1535000	64.3742000	0
20151101	000000	63.7993000	66.6343000	63.3991000	66.2393000	0
20151201	000000	66.7370000	72.8827000	66.2584000	72.8827000	0
20160101	000000	72.9299000	83.5913000	72.9299000	75.1723000	0
20160201	000000	76.3264000	79.4951000	75.0903000	75.0903000	0
20160301	000000	75.8994000	75.8994000	67.6076000	67.6076000	0
20160401	000000	67.8552000	68.8901000	64.3334000	64.3334000	0
20160501	000000	66.1718000	67.0493000	64.5138000	66.0825000	0
20160601	000000	66.6156000	66.8529000	63.7162000	64.2575000	0
20160701	000000	64.0165000	67.0512000	62.9891000	67.0512000	0
20160801	000000	65.9553000	66.8816000	63.5487000	64.9072000	0
20160901	000000	65.2535000	65.8684000	63.1581000	63.1581000	0
20161001	000000	63.3960000	63.3960000	62.0480000	62.9037000	0
20161101	000000	63.2174000	65.8591000	63.2025000	64.9449000	0
20161201	000000	65.2382000	65.2382000	60.2730000	60.6569000	0
20170101	000000	59.8961000	60.3196000	59.1489000	60.1618000	0
20170201	000000	60.0851000	60.3099000	56.7719000	57.9371000	0
20170301	000000	57.9627000	59.2174000	56.3779000	56.3779000	0
20170401	000000	55.9606000	57.3896000	55.8453000	56.9838000	0
20170501	000000	56.9518000	58.5382000	56.0701000	56.5168000	0
20170601	000000	56.6876000	60.1482000	56.5373000	59.0855000	0
20170701	000000	59.3862000	60.7397000	58.9325000	59.5436000	0
20170801	000000	60.0633000	60.7503000	58.5320000	58.7306000	0
20170901	000000	58.5454000	58.5454000	56.9966000	58.0169000	0
20171001	000000	57.8134000	58.3151000	57.0861000	57.8716000	0
20171101	000000	58.1179000	60.2490000	58.0869000	58.3311000	0
20171201	000000	58.5814000	59.2948000	57.4544000	57.6002000	0
20180101	000000	57.0463000	57.0463000	55.8288000	56.2914000	0
